NAME: huelva4.opt.tour
TYPE: TOUR
DIMENSION: 53
SOLUTION: 7749.213556588849
TOUR_SECTION
21,0,48,31,35,34,33,38,39,37,36,47,23,4,14,5,3,24,45,43,15,49,19,22,29,20,16,41,6,1,28,10,51,13,12,46,25,26,27,11,50,32,42,8,9,7,40,44,18,2,17,30,21
46.09772228646444 - 21 0
64.03124237432849 - 0 48
50.0 - 48 31
122.98373876248843 - 31 35
15.0 - 35 34
21.213203435596427 - 34 33
58.52349955359813 - 33 38
42.720018726587654 - 38 39
35.35533905932738 - 39 37
43.01162633521314 - 37 36
60.0 - 36 47
15.811388300841896 - 47 23
31.622776601683793 - 23 4
25.0 - 4 14
40.311288741492746 - 14 5
69.6419413859206 - 5 3
109.20164833920778 - 3 24
173.34935823359717 - 24 45
130.86252328302402 - 45 43
132.38202294873727 - 43 15
130.38404810405297 - 15 49
35.35533905932738 - 49 19
94.33981132056604 - 19 22
179.2344832893492 - 22 29
241.50569351466643 - 29 20
253.03161857759991 - 20 16
408.0747480548141 - 16 41
76.15773105863909 - 41 6
45.0 - 6 1
635.0196847342609 - 1 28
104.4030650891055 - 28 10
80.15609770940699 - 10 51
134.6291201783626 -